timeinterval <- 2.743484e-02
